	P0037	O0159	O0923	O0367	O0038	P0052	O1138	O0599	O0143	O0947	N1140	N0900	N1131	O1135	P0068	P0797	P0022	O1318	O0540	O0415	P0374	P0384	P0788	P0691	O1321	P0484	P0129	P0929	O1204	P0932	N1539	O1180	O1242	P0523	O1008	N0446	P0301	O0895	N1289	O0359	O0211	P0123	P0040	N1466	N1628	O1538	P0114	P0101	P0055	O1547	O1141	P0818	N0799	P0576	O1023	O1239	O1168	P0043	P1122	O1634	P0412	O1497	O0202	O0605	O0379	P0418	O1653	P0694	O1348	N0722	O0886	O1150	O1153	P0959	P0403	O0027	O0217	P0685	P0120	O1040	O1405	P0025	N1191	O0346	O0901	O0412	O0226	O0171	N0539	O0669	N1625	P1731	O0046	O1367	O1132	P0953	O1264	O0134	O1306	O0532	O1020	O0024	O0241	N1358	O0816	P0313	O1002	P1415	N0879	N0950	O0616	O0657	O0490	O0624	P0956	O0964	O0898	N1418	N1208	O0602	N1542	O1046	O1216	N0477	P0292	O1399	P3634	O0238	N1593	O0920	P2400	O0529	O0935	N0967
P0037	0.0	0.77790770841	0.767270064238	0.783599425274	0.802792468477	0.792172790876	0.766050479444	0.803575866999	0.821737678495	0.834571485479	0.793286086588	0.817656727365	0.762406996031	0.811932822935	0.854814781727	0.82376551758	0.844361354158	0.780570453742	0.865761277267	0.804801699855	0.831641797175	0.820115829656	0.833630076746	0.786685556626	0.797689395922	0.849311885196	0.818513495269	0.831241434351	0.844785460167	0.83741636596	0.828229029251	0.778457917444	0.854535063427	0.793557678586	0.803358477727	0.788563126692	0.790115417032	0.81371906955	0.797202406354	0.776174395588	0.887042210171	0.813987314532	0.80419731706	0.803856986569	0.776002744126	0.796671709434	0.778130258089	0.804181779268	0.818847955999	0.791666751586	0.874430284354	0.844243992813	0.801741108708	0.832614896827	0.805588968057	0.896436293982	0.853391158149	0.749493302265	0.822133050332	0.821901442713	0.815050007307	0.821799067077	0.770196771452	0.791183654146	0.799739469135	0.827053632525	0.818284712407	0.77981232408	0.813791030237	0.842571648123	0.819118718395	0.800279452602	0.78314693452	0.765357868179	0.804965592806	0.805819374133	0.796586147955	0.792660119273	0.813014930424	0.806714401224	0.811644591818	0.768177115235	0.791159586215	0.804855242689	0.826646632731	0.830817239185	0.812188078757	0.827584834254	0.796554567252	0.854164569599	0.783450613394	0.839271110189	0.783692690092	0.824785878683	0.864501128821	0.777412909778	0.820249685242	0.94509733991	0.785385855261	0.775564361581	0.816932076548	0.84835192884	0.817308155821	0.82904012539	0.798859087612	0.794617921009	0.842834188429	0.84223442244	0.760160133803	0.799894819442	0.795290767572	0.810405277151	0.777451715792	0.804728872822	0.798037761062	0.827887680095	0.793156195458	0.802526192268	0.817039781829	0.815255995353	0.848839383043	0.781972182848	0.807030321838	0.759932064617	0.793744632777	0.837638146994	0.836585996732	0.814543735813	0.85618697857	0.793451601057	0.78230514602	0.793230290532	0.773762785263	0.851696173116
O0159	0.77790770841	0.0	0.803895043016	0.779928049494	0.820377001001	0.771577481346	0.768582448015	0.817203782619	0.828277191123	0.835796340218	0.817599397623	0.818929511865	0.787335594952	0.819447425565	0.85687391706	0.805291688083	0.858450879721	0.813100516067	0.859653750021	0.792420202332	0.836331385671	0.80791963539	0.809376206318	0.781869806577	0.806858283672	0.847720523416	0.81464964045	0.823455958809	0.83538546363	0.828957736363	0.819689080385	0.787121079186	0.849404251038	0.801840996284	0.795782138271	0.79357466007	0.794954916529	0.781407712244	0.780161217813	0.760548110072	0.89720222321	0.819738841509	0.793275477744	0.811868452512	0.796839881556	0.788880562724	0.792812523485	0.789281087213	0.808047910257	0.796177119935	0.893326437777	0.847624158277	0.833853018373	0.838002763356	0.806494869815	0.908031419078	0.868695605292	0.779294913557	0.819957211486	0.817823637782	0.792593658708	0.830861816225	0.761852556844	0.794177444926	0.786744842514	0.805670307516	0.819188052927	0.75891630339	0.834518354293	0.826256989213	0.828462557055	0.792820000663	0.795230252178	0.76979940259	0.792836354983	0.825075142957	0.790395708654	0.803828209483	0.834970243807	0.814362629381	0.791375886598	0.816389514875	0.807407713533	0.79762779172	0.8081270033	0.813235994864	0.828439009657	0.840787529006	0.793748265294	0.85035952479	0.795218630956	0.833783340136	0.792532019698	0.823752703351	0.883356717688	0.775180383134	0.802389227408	0.950386960831	0.784046474714	0.806785457482	0.801107418656	0.847390788334	0.807534711966	0.830253765755	0.8130540919	0.800500574654	0.826453548069	0.847773450014	0.791207959165	0.800452977997	0.815407491033	0.801851977139	0.790949456521	0.806070349713	0.787031414246	0.801269991548	0.785237712782	0.816045678855	0.809998070108	0.823933442175	0.846724374026	0.809269389	0.78040809002	0.763045455922	0.79002396043	0.837286537694	0.855138310458	0.820189222369	0.852256561611	0.796334443988	0.777944685792	0.795289311079	0.805702988117	0.851098492138
O0923	0.767270064238	0.803895043016	0.0	0.793605568774	0.824932879266	0.820447822804	0.801338523195	0.826439016309	0.845633174474	0.857241163326	0.779869951438	0.824650626452	0.751660435294	0.828822012299	0.87703435905	0.843839649353	0.869322103732	0.779825126635	0.890483193075	0.82610833803	0.859991170554	0.837357588382	0.843086474852	0.794045857571	0.810466896588	0.869400616859	0.852542633657	0.854609941058	0.844966309673	0.857922511194	0.821899948993	0.78597124929	0.875459068936	0.810960357633	0.813018062534	0.807668415584	0.830455812021	0.804984349461	0.777219031294	0.810150355158	0.882215945758	0.832871018556	0.825719331416	0.841477035407	0.791186515467	0.797620075704	0.802241830294	0.838614580299	0.824409377263	0.809355024218	0.871684375548	0.879133967461	0.816510809122	0.854070527904	0.802195003954	0.910238686367	0.874597351594	0.772959314019	0.846471724477	0.841360809704	0.832703581714	0.854736182745	0.793793434889	0.809210286379	0.824394166361	0.830774285178	0.834434853759	0.783962266194	0.833691637275	0.86304375749	0.834487512079	0.808630737183	0.770984097282	0.794546348095	0.82174513344	0.853821336036	0.817272622636	0.812413171763	0.84612397037	0.829075930203	0.840038808009	0.813151642415	0.816308067222	0.811544772797	0.841705286357	0.858284026129	0.837711829733	0.838896327804	0.79205837429	0.881563042032	0.787799832445	0.849433048936	0.81125838678	0.836268224357	0.882845075781	0.790991915287	0.830591332557	0.946232407862	0.786716611674	0.798866182007	0.821081874009	0.859285533285	0.842820383519	0.853491907011	0.808288587544	0.817682740788	0.864400184324	0.821462404628	0.766775792306	0.803263600676	0.807104071121	0.829723410216	0.80376240431	0.813947634795	0.800004193673	0.822478906127	0.814018939207	0.822660032135	0.8315751675	0.831293472328	0.867238104187	0.78820217206	0.823488778986	0.776031993517	0.808677199443	0.846255315911	0.814727253838	0.84932196471	0.86631286305	0.806809211394	0.788104295857	0.818298106342	0.78380402354	0.856037128607
O0367	0.783599425274	0.779928049494	0.793605568774	0.0	0.820097307761	0.783023220991	0.815412549112	0.844824791814	0.85178044053	0.879910306309	0.783628372925	0.837979391934	0.786669570224	0.834196784229	0.882878389353	0.842786743335	0.892002977794	0.757474816399	0.890888778882	0.832821802408	0.853592344591	0.830598068572	0.796210397111	0.753273149367	0.829744734069	0.882499138136	0.861376929668	0.861222956725	0.871900876108	0.858515493283	0.843060607865	0.769362668316	0.888212710753	0.818669895391	0.802251119962	0.800731972365	0.828760630514	0.797832644779	0.778677505008	0.785342543445	0.919650990553	0.832640631801	0.807923641302	0.833199098028	0.757659478627	0.798955283518	0.795037850821	0.801427502889	0.7946093713	0.82170788372	0.918830034985	0.880408626463	0.788708217091	0.862024030373	0.803975510024	0.924933092327	0.898405189904	0.761957465755	0.836040806731	0.855989513869	0.820358223965	0.871596442472	0.785592311474	0.790936674935	0.799490720064	0.813304721118	0.835107378002	0.739170967827	0.836321992492	0.863644571076	0.856939394655	0.823124371759	0.769129599564	0.761577850341	0.777620840646	0.866746880712	0.821559103125	0.826991035599	0.866912340374	0.824941310993	0.824033998008	0.821733474705	0.835292914105	0.821148482872	0.834142661346	0.849722076307	0.857048289679	0.863317998937	0.776511063588	0.878279105713	0.778081905837	0.848555634364	0.815164354275	0.857066888242	0.902300953022	0.803201830944	0.775103929584	0.961586141785	0.805453161211	0.818510008117	0.810141794305	0.878094375536	0.838772470185	0.852174603925	0.811480792884	0.756176185666	0.859853406769	0.784401633059	0.763457477358	0.795955481435	0.804006916528	0.818730557943	0.803645149791	0.807338081265	0.824654399325	0.829215660607	0.784920495165	0.822940914561	0.830435666839	0.850368068676	0.879741702853	0.774843553963	0.788210683185	0.778068665624	0.726394190004	0.856583895668	0.831313467285	0.854204055735	0.884034739199	0.767914419193	0.798803999974	0.82510841717	0.76064440499	0.862266582771
O0038	0.802792468477	0.820377001001	0.824932879266	0.820097307761	0.0	0.809170348593	0.827472620358	0.814515873185	0.814572297946	0.868723666626	0.838117751724	0.836536532662	0.808915603638	0.836469475423	0.856489142228	0.844609169576	0.866226272605	0.816985213219	0.875769126667	0.833897708691	0.845324020831	0.830438929977	0.85635742182	0.84005139852	0.831997780714	0.86290914479	0.854809336315	0.858779620728	0.866668891064	0.860989397143	0.851215791863	0.804886181073	0.880865857116	0.802632797155	0.836020725126	0.823065388916	0.813803217168	0.844548205042	0.839371948792	0.817248721391	0.896617249578	0.808875415146	0.81583421952	0.80670977855	0.818996959424	0.824717361662	0.808859314117	0.810630815993	0.830519544198	0.839593729679	0.902723554506	0.865498952521	0.852177875918	0.833087549912	0.824122755321	0.898777885792	0.874053504641	0.818530453769	0.842337497533	0.861431272731	0.848100630412	0.859028341979	0.828827810998	0.786527039453	0.819903584629	0.837575563069	0.840264886113	0.830482960286	0.8181908242	0.87445340704	0.833419473638	0.831297147688	0.837069454048	0.806635458417	0.821594860492	0.814181247766	0.813928823547	0.830598090023	0.834713705836	0.798187557617	0.841736751079	0.796413294621	0.818103910945	0.833040311557	0.857345289091	0.842451837215	0.816551525514	0.839955139086	0.829921435239	0.866811742916	0.815476620571	0.868272291383	0.816610981746	0.846746016372	0.876979384602	0.830567066309	0.836711186877	0.938675511445	0.834346539688	0.831747569678	0.83638447878	0.878970338424	0.84902191572	0.862873502909	0.822556980811	0.84098718168	0.850186031821	0.867477771009	0.825319026935	0.832562788925	0.830244940774	0.84180925932	0.830184062628	0.816185876232	0.847639218967	0.84955037563	0.820338991241	0.817227014173	0.835422676028	0.843644035549	0.875707801157	0.811331506847	0.84087686768	0.806508708865	0.836497821654	0.858190185555	0.870636143597	0.823070468976	0.880620066869	0.832506940278	0.824795731067	0.843163715641	0.826433699967	0.853789181753
P0052	0.792172790876	0.771577481346	0.820447822804	0.783023220991	0.809170348593	0.0	0.800155527558	0.82743486438	0.814819700722	0.83728471258	0.819296046241	0.813820265393	0.796212086782	0.804816996208	0.835753800558	0.808166013142	0.872259241423	0.816749522108	0.848529878357	0.787110385035	0.823848569672	0.805975953883	0.805386653496	0.803859617583	0.827462291831	0.833581815335	0.830062558825	0.822449475446	0.83563709959	0.81910614554	0.806039438753	0.774362910338	0.854148662107	0.791011192586	0.776262389451	0.799763367773	0.805142884321	0.786058826203	0.813418965027	0.783724846626	0.898942599252	0.812790352509	0.776487881667	0.814246036738	0.804033009303	0.80532498502	0.791227389717	0.787406208939	0.793695438458	0.816840746908	0.902453789508	0.840870657439	0.829417798584	0.820024665501	0.791892375893	0.896973949198	0.87854639904	0.790576864796	0.813116958403	0.814555456061	0.771887260139	0.838147551132	0.787897056993	0.795738502062	0.790466040992	0.777632970768	0.803482548425	0.784813900217	0.811260961282	0.821604117182	0.810381935899	0.824061163776	0.810469901187	0.771112146028	0.773649363646	0.824518345238	0.801091229108	0.819010293024	0.83077381393	0.811807623772	0.783945618276	0.816548995061	0.798625705582	0.81297002743	0.80183435353	0.809455380007	0.822036983349	0.830015391134	0.797147293847	0.842501774378	0.807097459773	0.82293817045	0.796143983807	0.80785243561	0.879506812023	0.795441695454	0.792334139247	0.940754818417	0.804848776425	0.815929587534	0.777149934008	0.860134644452	0.796774197896	0.826239828354	0.791452755498	0.812897292778	0.819068742298	0.852154873037	0.79796618224	0.798440816543	0.814336744567	0.786250925143	0.78927880127	0.795869894657	0.81205187692	0.811178646281	0.770685449913	0.797649139733	0.791982065825	0.829341688925	0.847745795119	0.808237033716	0.768696980917	0.7720534376	0.793651831904	0.826104565969	0.859183849339	0.823219780664	0.850659779037	0.806257854086	0.793566752928	0.806311606329	0.811645778323	0.841056757175
O1138	0.766050479444	0.768582448015	0.801338523195	0.815412549112	0.827472620358	0.800155527558	0.0	0.807082294107	0.812789921631	0.796834411181	0.837843844836	0.800772823926	0.791621583379	0.786469566666	0.830296744681	0.780729285126	0.837216531715	0.840050087059	0.820923187342	0.795387455363	0.816831536134	0.816282042723	0.843380854044	0.794800008176	0.779711803212	0.8110561082	0.779429929959	0.815989435064	0.827336899228	0.801051991531	0.825855380241	0.801438262184	0.809768552393	0.794499400729	0.825812340634	0.803628059153	0.777428080201	0.813481842432	0.802593441134	0.775455098809	0.881435790442	0.830560411943	0.813232852506	0.795615234912	0.799918709916	0.812161904711	0.781116307745	0.803153235736	0.830535260012	0.757334202246	0.873323808761	0.800172084182	0.852760783086	0.814746961056	0.830346943599	0.894424766061	0.853063858688	0.780340614717	0.801735399855	0.798616513092	0.812277274207	0.800820858031	0.77240905338	0.803866128935	0.772572914474	0.83374716019	0.789941305439	0.780285545803	0.826727202775	0.793199977037	0.815904135348	0.773520210502	0.811392753066	0.797073577256	0.803708477573	0.813118597005	0.777673105747	0.7826014963	0.805693384771	0.808147843041	0.804166180239	0.806077641415	0.777452371726	0.817688578434	0.801794423518	0.821679319558	0.796870863241	0.837148291169	0.806107930694	0.810081868225	0.829420192719	0.827381113053	0.784361914213	0.801264961641	0.861982597283	0.767334916393	0.832003813879	0.93379717566	0.75687153037	0.784805355735	0.81255514631	0.803015944515	0.786658623268	0.782868471835	0.822764732575	0.814547257852	0.810634982238	0.881527142582	0.790276206774	0.805773621683	0.810602720046	0.797877560375	0.785286559177	0.798583642794	0.767572103382	0.80980775946	0.804293603663	0.786647537804	0.811451616403	0.795551200502	0.816081848226	0.820612737376	0.796132024682	0.759346433587	0.826220845517	0.833492986327	0.853653133792	0.788859170736	0.821516226039	0.823810901293	0.75268209182	0.777812334486	0.829955835901	0.858877657448
O0599	0.803575866999	0.817203782619	0.826439016309	0.844824791814	0.814515873185	0.82743486438	0.807082294107	0.0	0.792413140385	0.821315259448	0.860257068665	0.807069159659	0.808468982621	0.813708768137	0.827917481866	0.811013680285	0.846647305462	0.854753300507	0.820370019537	0.800140805518	0.830931456343	0.81701334606	0.86529251354	0.841300012429	0.827014966112	0.831967345933	0.821045121978	0.813238594635	0.82734093193	0.826527755195	0.828050534754	0.821294126807	0.84002183601	0.795657316678	0.850157122925	0.818700600749	0.827133500281	0.837765039615	0.838204952881	0.820530478151	0.87706479809	0.823046199129	0.817757897855	0.812465558948	0.848930261169	0.823370092891	0.808591330638	0.827304486212	0.829781383363	0.821969173131	0.88821976363	0.82990713326	0.867048585192	0.798803674999	0.829114459608	0.895714214868	0.857187584645	0.82582699018	0.792844014124	0.820419390902	0.837084351976	0.817245693054	0.820412886756	0.799089782201	0.822920498146	0.845051092034	0.818813541309	0.83830244515	0.820480354642	0.836986331549	0.809880878104	0.813543566802	0.847699646107	0.831028495525	0.829617196066	0.799947244605	0.792429936626	0.816995456728	0.827101154875	0.787520225	0.83189912051	0.822591349344	0.813997604226	0.828818243117	0.831306277646	0.823889588512	0.79621320847	0.823994362497	0.83389522055	0.841028634312	0.842639865285	0.849840345872	0.80574230393	0.820318681118	0.834202025713	0.810268763524	0.860698628158	0.937834284732	0.821926754053	0.802484440976	0.824212532215	0.833648766209	0.818281488269	0.825507245811	0.814652641248	0.861165486667	0.841939968648	0.887826109924	0.836022690494	0.827616615464	0.807404643983	0.824088270235	0.819958606894	0.795394767147	0.82624136355	0.834216029516	0.832320633794	0.811236111407	0.826831819707	0.805429883873	0.847227269479	0.828672406005	0.837749567239	0.797776098561	0.855463935724	0.834248712442	0.870798732035	0.784605787169	0.841092756119	0.847182557822	0.814450538686	0.834696096136	0.841319128526	0.863900293988
O0143	0.821737678495	0.828277191123	0.845633174474	0.85178044053	0.814572297946	0.814819700722	0.812789921631	0.792413140385	0.0	0.836811475424	0.882483204393	0.822031014029	0.828767384283	0.797542548386	0.809722808651	0.809395781783	0.848267239798	0.868265872649	0.809273525348	0.819678404119	0.805678023666	0.83438851481	0.873178756349	0.856939553819	0.820702011952	0.803329384615	0.819381324446	0.814352147856	0.843422548642	0.813966343312	0.844521132428	0.82608522621	0.838889873387	0.815850087984	0.866620424953	0.829366819638	0.814138908269	0.849202464618	0.851734664705	0.826930374087	0.882837759079	0.829595602549	0.816413431153	0.809394774257	0.851696647909	0.840775640167	0.816412442481	0.82129272403	0.833833375907	0.830857622653	0.89785798274	0.807775433778	0.882849410347	0.789101906287	0.837920766295	0.871494929222	0.854181869605	0.837923748026	0.798369849475	0.83184234792	0.846265232274	0.820842109696	0.834764635891	0.805117423169	0.815861950223	0.836094419421	0.798894198463	0.847775759933	0.809671620811	0.839537855813	0.802536590978	0.826109604171	0.857082611628	0.84086947134	0.824292952306	0.787795384741	0.795602235715	0.835952840124	0.811763670503	0.78052991742	0.829085740786	0.81949365224	0.808056238951	0.846348268696	0.834544631138	0.819309140065	0.808295713682	0.809852053855	0.841863167497	0.811103970365	0.857432317958	0.858210350889	0.835765220935	0.812299192065	0.834076253346	0.82077015897	0.867605715327	0.922692811972	0.83202643861	0.815320085017	0.836771619641	0.835556412927	0.803730189898	0.815365114416	0.821808675097	0.872447313838	0.814509914137	0.899878969893	0.850342116236	0.835574639399	0.828016619792	0.830507129325	0.836015483051	0.798025605998	0.842860864054	0.843279638403	0.838865714168	0.800386988653	0.817769507288	0.825618648226	0.843623101023	0.842457424441	0.84819644811	0.812020952423	0.864730646316	0.826875093752	0.883771265624	0.78059662231	0.841455042263	0.863350066129	0.821559560098	0.840592975476	0.863297748933	0.869894891394
O0947	0.834571485479	0.835796340218	0.857241163326	0.879910306309	0.868723666626	0.83728471258	0.796834411181	0.821315259448	0.836811475424	0.0	0.873963609059	0.813860817046	0.840844160267	0.8112105385	0.819853635837	0.796968779907	0.842422310112	0.89372633678	0.817892405664	0.801554469557	0.837656720961	0.854080285048	0.88607468484	0.859982189639	0.841317432006	0.798115847551	0.807624649277	0.831762463559	0.827750881283	0.812694167933	0.835422163588	0.850591736516	0.78307118861	0.813746149228	0.861732524751	0.844929656103	0.842562183142	0.853980653422	0.855089915845	0.833290826947	0.85912236983	0.863871927245	0.848542914433	0.846668490804	0.8745887506	0.862370813174	0.823128864086	0.856328966396	0.874839506834	0.816187375866	0.879207106205	0.791919378673	0.888985489607	0.820667914636	0.858415835448	0.879284974453	0.854435914961	0.84023566084	0.840598586264	0.797285406404	0.82044700555	0.799240575953	0.824419362703	0.8609372294	0.839939955812	0.860645439723	0.821211212277	0.85536050928	0.837966267573	0.791876402501	0.80859896972	0.827741673177	0.868993793429	0.85890152891	0.864058950115	0.817079671248	0.820483553018	0.842157610472	0.832273171489	0.851001115946	0.83386118352	0.860986785846	0.808895185504	0.854679994318	0.832934905835	0.844851151868	0.815578704746	0.827009214273	0.858084140823	0.839371730595	0.881421938732	0.850041188392	0.811982223084	0.802874917742	0.877097471228	0.81212662961	0.887849472316	0.922039727495	0.819208914782	0.826576173759	0.848965857506	0.805155122248	0.810272587693	0.800546181051	0.847205188815	0.875403541902	0.83964686279	0.921159789841	0.857341021365	0.854825680136	0.853440392068	0.837265316021	0.816837323937	0.842889652011	0.801217554974	0.83880504978	0.856018940646	0.833254542537	0.835582893945	0.795959488367	0.828626723342	0.87569237934	0.849014421692	0.819987541981	0.879918338431	0.837259129589	0.88883081611	0.813257121197	0.815218070282	0.879309448864	0.822223205365	0.828095596859	0.875135024619	0.872049554049
N1140	0.793286086588	0.817599397623	0.779869951438	0.783628372925	0.838117751724	0.819296046241	0.837843844836	0.860257068665	0.882483204393	0.873963609059	0.0	0.85199487882	0.770930432223	0.855873859439	0.908124968398	0.876382425715	0.908371854335	0.764080902709	0.90558236257	0.853838264145	0.877941269063	0.866187053519	0.842727575662	0.800520993523	0.843853527411	0.903403919426	0.873970697802	0.878670779659	0.883318836844	0.878924870574	0.851760400129	0.790017584612	0.905148149759	0.831815587028	0.807689187691	0.834755042366	0.865592047567	0.8257242638	0.797235660896	0.829433800444	0.918589994655	0.852161059547	0.846507424212	0.866498987382	0.771029262702	0.813407644928	0.811571839992	0.841430872364	0.846135215196	0.838517393798	0.914256707538	0.906503097456	0.7889964904	0.873493250076	0.824743637363	0.941156248046	0.912959552446	0.780475601349	0.875767839954	0.868414557835	0.829982794338	0.882488690561	0.809543272667	0.831118481508	0.841563944832	0.846184663764	0.864336099121	0.787513414561	0.852155910816	0.887713916883	0.861311346119	0.847485465713	0.765621496347	0.803981074478	0.841658873111	0.878311574054	0.85152742116	0.841219111963	0.886291151156	0.859316716014	0.850136208525	0.829461606658	0.835293848163	0.843338089488	0.862672022954	0.880289858764	0.871154929954	0.884206874443	0.817222059846	0.90787994818	0.789043196867	0.879449686408	0.820654805496	0.862444559152	0.903818798411	0.829706507022	0.818548089062	0.958439088955	0.817853223257	0.831077242324	0.826562612007	0.897189108524	0.868142553814	0.881100023442	0.833218867296	0.794895394307	0.894764584925	0.793699824992	0.76167750332	0.826824009254	0.826067508325	0.857301042792	0.819392412653	0.84479988668	0.834151201801	0.84995976375	0.815902565176	0.848597024758	0.855634552068	0.872916909784	0.896453406667	0.803847922273	0.819214346227	0.808230909156	0.797353145228	0.864722475879	0.842648726037	0.88362597515	0.894691146811	0.797105998664	0.822897330449	0.840021262748	0.772374080469	0.860429388106
N0900	0.817656727365	0.818929511865	0.824650626452	0.837979391934	0.836536532662	0.813820265393	0.800772823926	0.807069159659	0.822031014029	0.813860817046	0.85199487882	0.0	0.810852259121	0.781098812654	0.837171349262	0.805002543396	0.864771531143	0.854553387404	0.828915070689	0.808183091555	0.81134927978	0.831775013216	0.856241098192	0.838061976807	0.824768537036	0.824442465084	0.817764254973	0.834313073862	0.82724279778	0.819461636658	0.822086661542	0.816587586728	0.825193702384	0.800058380391	0.832930983525	0.831560409286	0.82829040565	0.81684994894	0.823746546147	0.824951786321	0.878950652868	0.834631972127	0.81054717124	0.838102303982	0.845051480302	0.823227108206	0.799314962804	0.834164824924	0.824268276704	0.817562558448	0.88947477503	0.811605796346	0.863541775945	0.806375167997	0.807092128032	0.899890129348	0.864923391114	0.815086298772	0.811901619242	0.799682780281	0.824830541347	0.810716713388	0.819389443924	0.816511882822	0.814362001929	0.824776367316	0.791031718148	0.822425355391	0.805789331503	0.806767186345	0.794386890739	0.814939752324	0.838574662435	0.830720840853	0.812418284719	0.828066634668	0.804469268373	0.831620437467	0.840712999942	0.824955209931	0.81699413206	0.836607409162	0.792668776191	0.825816159151	0.823382355703	0.837647056939	0.814243316365	0.818169626848	0.820381906425	0.828614996235	0.853351410112	0.832468789188	0.805336401867	0.784859025995	0.860681893085	0.788766621063	0.854286285865	0.933145026679	0.802423040808	0.833497043833	0.812213284098	0.827056279292	0.798089195902	0.804290134112	0.795890754138	0.855004801796	0.832150155983	0.885222489433	0.817823670602	0.794751093904	0.820778150114	0.807674060562	0.81616944437	0.808234916933	0.800993665885	0.819328392334	0.821496138337	0.793322574172	0.818314101069	0.7957429582	0.833699820628	0.832628269115	0.811597595427	0.796671515113	0.846024446424	0.811513469533	0.865695121361	0.816696862527	0.824273667993	0.853402588987	0.795856700322	0.822906197707	0.83572149625	0.852939001099
N1131	0.762406996031	0.787335594952	0.751660435294	0.786669570224	0.808915603638	0.796212086782	0.791621583379	0.808468982621	0.828767384283	0.840844160267	0.770930432223	0.810852259121	0.0	0.805493253849	0.867909236455	0.825545639657	0.864035670462	0.783454672443	0.876648974768	0.814421089255	0.841082172724	0.83974361981	0.839719331761	0.799592671952	0.81242449657	0.857321777272	0.841270333783	0.844384362907	0.844352482347	0.846125791857	0.820349104908	0.768697524519	0.870676373448	0.793270294606	0.811684336415	0.800235123805	0.815804957378	0.804811453083	0.779466262701	0.794440796957	0.886906124884	0.822460262214	0.817007185414	0.826429074145	0.779847212679	0.783318071413	0.780556377686	0.815875039546	0.819073808398	0.802781125656	0.885647459793	0.86065082504	0.813131738271	0.834399701867	0.802244625088	0.9104170265	0.868327365272	0.768233537245	0.837376941312	0.828916010858	0.821655849122	0.840518811175	0.784664473944	0.79190676459	0.805376575762	0.820821511112	0.826379935848	0.785596737763	0.813150258235	0.849826205961	0.821061264532	0.80789929356	0.779257816462	0.778871683596	0.811332318807	0.832034136292	0.804911963308	0.813444384119	0.838057343074	0.811295819271	0.816789962787	0.795935527446	0.799615013529	0.81024978117	0.832446996351	0.853720263675	0.828662522634	0.836637036365	0.791015747849	0.864363446349	0.784080090408	0.848177817005	0.793810081727	0.819450247632	0.87170820956	0.779277547955	0.827870832101	0.942535403385	0.779777039294	0.801616710195	0.806000099224	0.859042969133	0.821196212718	0.840536953077	0.795157235636	0.812579962294	0.85552024241	0.831764510916	0.761718659394	0.795436720741	0.801316399629	0.826305875618	0.792935513432	0.798308168611	0.805886493289	0.819467512837	0.80416468285	0.807790589205	0.824403174147	0.817972748803	0.864690473959	0.772532295946	0.809012548473	0.753455086065	0.802427116422	0.833426022857	0.835543449362	0.828660840975	0.851071640908	0.805161026922	0.785046731165	0.807530650021	0.776630068832	0.848926432072
O1135	0.811932822935	0.819447425565	0.828822012299	0.834196784229	0.836469475423	0.804816996208	0.786469566666	0.813708768137	0.797542548386	0.8112105385	0.855873859439	0.781098812654	0.805493253849	0.0	0.834458853448	0.817351330921	0.850202418835	0.845806322074	0.825834784639	0.811822067794	0.796454697943	0.846889561788	0.863362475521	0.838555533009	0.813102209566	0.79521319558	0.807075927463	0.834179795961	0.835680169318	0.819536952349	0.83538078787	0.806186733759	0.818218347494	0.806267727241	0.841260598595	0.834746862284	0.818035919998	0.825018137222	0.825753178453	0.821064282683	0.878677472678	0.838573056603	0.817795443884	0.821704817735	0.837536683934	0.828335984246	0.794342838812	0.831048698335	0.829150463155	0.815817164812	0.894323691971	0.804180840719	0.866522165818	0.805745107514	0.80700461492	0.875600032892	0.869582698633	0.814587158129	0.81062662091	0.796022213972	0.835548970737	0.811775491256	0.824532856915	0.824979255891	0.809616495912	0.811416921987	0.794402274142	0.822511391835	0.785299141274	0.802621177985	0.793089203786	0.82964005133	0.83681848801	0.827626168393	0.81708661258	0.812176284317	0.802715339082	0.835667120468	0.819850006886	0.79279112406	0.809241372383	0.819569947416	0.779740826088	0.835028231816	0.831753336149	0.832656453692	0.811145012335	0.831321955786	0.821788955356	0.805692497879	0.859429700135	0.842562580709	0.814205403531	0.766876119764	0.827296123721	0.779326169026	0.855983394362	0.918840915319	0.801280958721	0.823627487658	0.823440894961	0.824276264883	0.798828517844	0.792756777462	0.802171184436	0.860036419437	0.81958932948	0.888242497083	0.808282806083	0.79769930806	0.818114482763	0.823518511522	0.826104014804	0.789482476851	0.799456635752	0.834585990822	0.822405021294	0.775866425211	0.800374982343	0.80242438802	0.828428664458	0.82052158219	0.825538781913	0.793192857134	0.848404428824	0.821070192887	0.861943930002	0.804581606895	0.82620879883	0.856413246132	0.797715674204	0.829066796031	0.831311788934	0.86573447573
P0068	0.854814781727	0.85687391706	0.87703435905	0.882878389353	0.856489142228	0.835753800558	0.830296744681	0.827917481866	0.809722808651	0.819853635837	0.908124968398	0.837171349262	0.867909236455	0.834458853448	0.0	0.795566384623	0.83780190748	0.89743036411	0.800635707643	0.821873792561	0.845299514881	0.843448706329	0.887696874371	0.877244459778	0.846906668602	0.812035244412	0.819115684122	0.826684939005	0.846416375915	0.819964319333	0.853922324317	0.857762213192	0.83051316377	0.846856176581	0.875336721345	0.844605357467	0.82560449067	0.872237181559	0.87543702593	0.845717071167	0.86813577993	0.870215357885	0.849809527077	0.844289443279	0.880190750671	0.886430769128	0.848769224797	0.846377038291	0.8634034958	0.847356913642	0.888305619743	0.805372197229	0.904516326265	0.810639728826	0.876334749783	0.844859513255	0.851719536972	0.875652000796	0.829763892224	0.821262320816	0.847656513779	0.832845897347	0.853574951606	0.850860599976	0.832810262603	0.862780748423	0.829664806986	0.87560281243	0.838806455206	0.83118122368	0.843766099502	0.85241299874	0.892155254327	0.865387748992	0.849267800537	0.799124166766	0.830345689554	0.857342916834	0.81833641297	0.828675043608	0.849214456703	0.854002856221	0.845781852072	0.87069542324	0.840020202762	0.818116610882	0.826820652489	0.823582730546	0.870226847712	0.812077640024	0.895738686388	0.851913901836	0.851987077097	0.838325750929	0.868315929594	0.855694936178	0.891994398481	0.902086299427	0.844180283483	0.852427911879	0.854104772795	0.837195947882	0.817180743759	0.818335732291	0.856831573108	0.895286495523	0.807626612511	0.932077765044	0.881321800631	0.865353807562	0.862928193495	0.835187625366	0.841449874879	0.838643757716	0.852473013051	0.853973296846	0.872794998654	0.840704026906	0.844425949076	0.840772848664	0.824169934968	0.887795809935	0.866048059627	0.8512900595	0.893340713665	0.855728300936	0.90267125031	0.817758455554	0.837248264816	0.887369627217	0.841783186056	0.852099769913	0.89098354871	0.881176786365
P0797	0.82376551758	0.805291688083	0.843839649353	0.842786743335	0.844609169576	0.808166013142	0.780729285126	0.811013680285	0.809395781783	0.796968779907	0.876382425715	0.805002543396	0.825545639657	0.817351330921	0.795566384623	0.0	0.843762510669	0.875102818978	0.818496016774	0.78020798503	0.825821477471	0.809996022852	0.850907212203	0.834049271283	0.825215530789	0.797394583067	0.805657023134	0.810379667587	0.801490216935	0.779593408068	0.817142675761	0.832836871195	0.798124900869	0.81126044754	0.839690596917	0.807906315817	0.814675442026	0.825161703958	0.838654495607	0.802366053552	0.876770917079	0.846548109407	0.803593957946	0.817525742159	0.840288201578	0.838698588024	0.815608535465	0.823588138632	0.834293934217	0.787989619198	0.893815453774	0.786110531151	0.8758299017	0.826478081795	0.8313064872	0.895112919219	0.853934249695	0.830501874656	0.801620120446	0.790920127751	0.812714342614	0.815105364749	0.80717659679	0.8242962381	0.797709237313	0.843772018657	0.78461747316	0.829643257766	0.835757748256	0.776892242907	0.81298924894	0.803682086114	0.851875488418	0.836709605967	0.803768585558	0.820878175507	0.797154922826	0.819046667287	0.832584730998	0.82744008438	0.798314787777	0.851013462042	0.817332232562	0.840788295249	0.786260757283	0.822027703954	0.814046988822	0.801713263555	0.827232106365	0.809660857252	0.86003650879	0.819562296749	0.813530477487	0.80488158871	0.88635848946	0.799397496128	0.857784157631	0.932721416067	0.800046132714	0.828000333057	0.815046879064	0.793156922355	0.770251914876	0.760500183568	0.825486563037	0.844124677012	0.783405255791	0.910108827233	0.839723818538	0.825755210534	0.84178357591	0.787333945171	0.801751177997	0.818264788001	0.810242667931	0.823269365736	0.813134395732	0.810247033866	0.821829239898	0.797145322716	0.799937914036	0.855215884713	0.805101945325	0.79133436034	0.855157059838	0.824211279804	0.8841542372	0.802839548191	0.793555603473	0.859169386537	0.792738441019	0.804290082316	0.865221078615	0.869768929403
P0022	0.844361354158	0.858450879721	0.869322103732	0.892002977794	0.866226272605	0.872259241423	0.837216531715	0.846647305462	0.848267239798	0.842422310112	0.908371854335	0.864771531143	0.864035670462	0.850202418835	0.83780190748	0.843762510669	0.0	0.897752682661	0.871913618537	0.849804788357	0.866319353947	0.863606177694	0.902833124043	0.892843429071	0.847512841404	0.849806438676	0.849029027735	0.85572968609	0.850080731552	0.867173103362	0.862758537508	0.884284061298	0.850213727011	0.862795822464	0.88646001484	0.849181280565	0.836582260392	0.875042988634	0.873381436657	0.852594145634	0.84128265613	0.875157284413	0.867917113915	0.867275347018	0.894643492843	0.882519885993	0.872747405365	0.879670311628	0.880146658262	0.85692825865	0.847760176893	0.856746796453	0.911877229461	0.865222876318	0.869756196242	0.84392186892	0.816384513433	0.882099635395	0.862552888119	0.844650980618	0.873601011697	0.841638649258	0.867477727713	0.871864612821	0.862465544081	0.885776865853	0.864316849663	0.88756910115	0.856293092899	0.860346367787	0.857022203772	0.853428085163	0.896007134606	0.875511497329	0.879499500599	0.831464993851	0.854326462889	0.856219741704	0.826493748791	0.859764839016	0.860764178301	0.855324126675	0.861295292649	0.852392391902	0.864002083551	0.854796245084	0.850090157438	0.824233253627	0.881960051605	0.852465557144	0.884844292364	0.863998746455	0.867759086364	0.860168411075	0.873190707967	0.857337794351	0.898923103468	0.910960223415	0.864708635882	0.870638832208	0.876613452742	0.853265558876	0.844745082667	0.839221391069	0.867321996826	0.908333486172	0.846607584096	0.927021367545	0.888144609427	0.872562188797	0.87635513358	0.859677140304	0.859325148815	0.868424786602	0.864616937311	0.869437238784	0.882656498875	0.865941468864	0.853571119278	0.853024380983	0.846049627168	0.875732964143	0.889987539057	0.858164061696	0.903573876144	0.862397421349	0.899974447881	0.842212420519	0.857353966203	0.895087722911	0.854960443733	0.862408761014	0.89215219698	0.896340709123
O1318	0.780570453742	0.813100516067	0.779825126635	0.757474816399	0.816985213219	0.816749522108	0.840050087059	0.854753300507	0.868265872649	0.89372633678	0.764080902709	0.854553387404	0.783454672443	0.845806322074	0.89743036411	0.875102818978	0.897752682661	0.0	0.907536373674	0.857046492273	0.874265432845	0.857421355007	0.836799791671	0.799389560763	0.847113776136	0.893503565436	0.885972400116	0.889790171631	0.886414348096	0.884797982979	0.866416113363	0.775584924379	0.909293855022	0.83251187894	0.824915747415	0.827316040622	0.847711946042	0.83110476899	0.802349230591	0.828336128496	0.921350068833	0.839555230175	0.839962580557	0.844779535203	0.767434158439	0.814353983894	0.818655909168	0.833084035726	0.831294583951	0.852019746377	0.913331999659	0.897767682784	0.782821487864	0.871379166678	0.817904218216	0.920144739946	0.892681843024	0.785643496499	0.868685168027	0.874949530917	0.854782288095	0.893395785413	0.811088520665	0.81882360591	0.841223215189	0.83425206168	0.860889132856	0.792602414749	0.841817959158	0.894907889224	0.852854549356	0.842166989152	0.751741601138	0.788743963209	0.826579905739	0.859801579209	0.849516111989	0.851458431805	0.866602729261	0.83991414053	0.854576287436	0.819797048196	0.841930561161	0.835035983634	0.867967320985	0.873983669971	0.868706306048	0.875726035826	0.816486923211	0.905043109798	0.777820457003	0.881328712687	0.830721094282	0.870463911949	0.903470298959	0.832908165791	0.813856079713	0.952867861058	0.828792983493	0.829314240928	0.841281928469	0.904448976553	0.874940645035	0.884305607383	0.825382817609	0.784642614983	0.884280885911	0.779802366448	0.757171933654	0.824486776504	0.831109762213	0.860633039449	0.825690309789	0.840664788727	0.850377908412	0.863407547372	0.822566683908	0.836674868203	0.852117855536	0.872776034502	0.901414573894	0.788759213586	0.833079776537	0.81196487346	0.775606794994	0.872239229081	0.823034369457	0.874137709471	0.901038322125	0.772547075604	0.827187580322	0.856471081883	0.735594847571	0.869222338446
O0540	0.865761277267	0.859653750021	0.890483193075	0.890888778882	0.875769126667	0.848529878357	0.820923187342	0.820370019537	0.809273525348	0.817892405664	0.90558236257	0.828915070689	0.876648974768	0.825834784639	0.800635707643	0.818496016774	0.871913618537	0.907536373674	0.0	0.832625473483	0.823998570363	0.855147188478	0.896964291688	0.877776646709	0.865617512409	0.804174703195	0.812249898414	0.824091976796	0.866993850231	0.819077546254	0.85884166449	0.867559171194	0.810660186672	0.843940236633	0.88801305885	0.858228306146	0.85404173099	0.878741707254	0.887024087827	0.866695106434	0.895844871415	0.881290968752	0.863220984556	0.857906004133	0.88521977048	0.887311609762	0.842432304806	0.854187388311	0.880693323195	0.84398790846	0.915833614947	0.800678192936	0.908714249482	0.788890368765	0.88576365749	0.872712880458	0.882513482798	0.865487672088	0.821629074841	0.827077891229	0.863199404759	0.819294103931	0.855029088209	0.851472953665	0.845844093992	0.874465636423	0.804173748511	0.86532745993	0.854088552103	0.805504532066	0.840393435175	0.850713302412	0.887625999769	0.87448314999	0.860382883563	0.81588727685	0.82252364056	0.860006095844	0.844485256756	0.838688000577	0.859236888458	0.876179674667	0.839567754532	0.881132527784	0.849843093114	0.830417884612	0.819728246644	0.852214432395	0.877283400436	0.80776138055	0.908875283875	0.858235155923	0.845696627968	0.814709105796	0.843937361856	0.843305231915	0.901142724013	0.902140876951	0.845685238441	0.838751965904	0.856945726941	0.822432732578	0.833514025771	0.827524390779	0.857985609872	0.891263339346	0.842230635032	0.929186616275	0.877734540668	0.868762783185	0.848697396537	0.839628024066	0.844676050091	0.828403359736	0.840775640964	0.859661868762	0.875422882266	0.837832114488	0.868463409166	0.828822124382	0.83275122462	0.891778756421	0.862637761402	0.849739787957	0.890241077724	0.85617194305	0.910261355707	0.794916539743	0.830851948666	0.89902070109	0.834912759553	0.84709212551	0.892808390188	0.89130647367
