	P0037	O0159	O0923	O0367	O0038	P0052	O1138	O0599	O0143	O0947	N1140	N0900	N1131	O1135	P0068	P0797	P0022	O1318	O0540	O0415	P0374	P0384	P0788	P0691	O1321	P0484	P0129	P0929	O1204	P0932	N1539	O1180	O1242	P0523	O1008	N0446	P0301	O0895	N1289	O0359	O0211	P0123	P0040	N1466	N1628	O1538	P0114	P0101	P0055	O1547	O1141	P0818	N0799	P0576	O1023	O1239	O1168	P0043	P1122	O1634	P0412	O1497	O0202	O0605	O0379	P0418	O1653	P0694	O1348	N0722	O0886	O1150	O1153	P0959	P0403	O0027	O0217	P0685	P0120	O1040	O1405	P0025	N1191	O0346	O0901	O0412	O0226	O0171	N0539	O0669	N1625	P1731	O0046	O1367	O1132	P0953	O1264	O0134	O1306	O0532	O1020	O0024	O0241	N1358	O0816	P0313	O1002	P1415	N0879	N0950	O0616	O0657	O0490	O0624	P0956	O0964	O0898	N1418	N1208	O0602	N1542	O1046	O1216	N0477	P0292	O1399	P3634	O0238	N1593	O0920	P2400	O0529	O0935	N0967
P0037	0.0	0.192348818842	0.180658091722	0.207655799639	0.136860626207	0.246886086925	0.250124231134	0.206584833745	0.144554985823	0.314997141642	0.30806243815	0.221482902158	0.274676216979	0.253804921602	0.144821865782	0.216595803561	0.202036059856	0.187166532496	0.334344517431	0.194518699116	0.318004798779	0.191056917452	0.273328016852	0.292041141515	0.270169800864	0.294896020938	0.398437238833	0.434072940944	0.192432254458	0.29465617524	0.342815979805	0.201411814592	0.358941005495	0.25142366304	0.16333522416	0.158383028396	0.178234235025	0.270445648563	0.253262950883	0.229612027952	0.248252299735	0.223809754406	0.21152502879	0.242986271649	0.214657004109	0.236934562419	0.238475990435	0.266134185404	0.244392070106	0.268514764963	0.262911873052	0.357415991042	0.282275497689	0.253839221337	0.193378199761	0.220973711044	0.200425667442	0.247668061491	0.28485024283	0.253852236159	0.299953940523	0.280875938649	0.160769313948	0.277381268943	0.260499634196	0.279452939817	0.271887562473	0.251041107114	0.249060631491	0.341568234536	0.228849290663	0.204985302215	0.315970130292	0.192971452279	0.260752065872	0.131488142856	0.210010789388	0.450914575953	0.125840807677	0.250339876843	0.187693658847	0.232804482854	0.264350369653	0.116359848222	0.291327343914	0.144419183978	0.327952520624	0.221218751321	0.323917764476	0.331343425445	0.156875879466	0.321403920589	0.294158205135	0.310521115556	0.353838191119	0.270827552233	0.210166275063	0.387272253511	0.279720340784	0.296884163829	0.306927613526	0.342838509064	0.2643320035	0.246023944771	0.2150010171	0.281736934173	0.259979114444	0.303945401007	0.259468045032	0.25261639042	0.274086733537	0.306019812963	0.270270693625	0.326958875415	0.300561281404	0.334947445457	0.205629023549	0.301988849194	0.218927876451	0.234267684619	0.274493670632	0.241054855648	0.269371695838	0.259196325479	0.279071910792	0.23204310661	0.280956532646	0.211269457779	0.340272480515	0.227044797247	0.241840991781	0.358861350588	0.230683593976	0.271080477982
O0159	0.192348818842	0.0	0.242683941832	0.169673655173	0.263165005069	0.114748197579	0.188350473208	0.192873928487	0.185577551487	0.270444032914	0.227705427488	0.155779721412	0.211092631022	0.209001047547	0.243411016778	0.138714654123	0.337044359314	0.198275997997	0.221824955382	0.184844742973	0.202689928921	0.221614151688	0.213549305286	0.225493679219	0.249110526937	0.199825284748	0.340123995081	0.323762535891	0.195862076698	0.228768725098	0.205661109806	0.147046027204	0.223682900694	0.20748317376	0.153529382875	0.154274148736	0.237685005686	0.143974283996	0.239444367653	0.158352123414	0.370718004397	0.273104764217	0.11624801095	0.232487601164	0.161682536907	0.125266304382	0.194253690725	0.225364034634	0.208450056141	0.205139171083	0.401384296874	0.318488444084	0.201728937899	0.214943472832	0.208684875966	0.330506261412	0.331812676164	0.187723099578	0.231588932164	0.172108828385	0.252225339648	0.219807526276	0.113660365411	0.162710800039	0.207644627309	0.184596722844	0.180747379549	0.140013455433	0.267774932561	0.220791796364	0.180268585542	0.163789516158	0.205232633329	0.158755199913	0.218449154782	0.214321615549	0.171512567796	0.413847284625	0.242491229086	0.254188537548	0.110658858344	0.315688075581	0.232358816789	0.191556326565	0.174813283207	0.263407113021	0.308668847841	0.343595465406	0.22083728159	0.221856368606	0.22292503803	0.210067433123	0.242190054233	0.179340909216	0.344466892714	0.193222712058	0.195984624534	0.453822538975	0.21454166889	0.256685708793	0.16439807947	0.285080464916	0.155252669554	0.195242586157	0.137407108472	0.228461389106	0.199516429562	0.238371893589	0.176311152344	0.1930694432	0.166290449457	0.188813645855	0.128411746196	0.210852956926	0.231839452989	0.203451705858	0.144971398752	0.25557734199	0.215509595142	0.189622655126	0.211586459785	0.208362676144	0.15439904876	0.125211481086	0.192988504794	0.187705037314	0.268277836664	0.178608657221	0.250322960116	0.188598475921	0.157899798941	0.232621989519	0.220036193926	0.29823668244
O0923	0.180658091722	0.242683941832	0.0	0.214091806154	0.179783878946	0.278433259487	0.310813956541	0.286068555014	0.231562641579	0.349103088471	0.288263921701	0.261711840884	0.244565260351	0.270922479086	0.243461125017	0.283715465507	0.239333972332	0.198103770995	0.374335953043	0.187520447372	0.365806091562	0.249191605864	0.287350184645	0.324198072191	0.30720497083	0.344621448227	0.450074760412	0.464278947841	0.242438664369	0.346714695968	0.35028550433	0.225316709747	0.397882112239	0.299117093813	0.198463748309	0.203341966771	0.251059289134	0.261565118873	0.244943329967	0.265640915099	0.262403079969	0.29851303699	0.259381709039	0.306319038307	0.247045701564	0.257202717643	0.282590639996	0.329389094301	0.234770323406	0.322275203377	0.286838128991	0.414382803647	0.28020610058	0.30945826104	0.198059412547	0.25943111254	0.234716662401	0.283480138622	0.333588050627	0.276220755601	0.309603353924	0.322929599729	0.236667318505	0.29048302866	0.307943291357	0.27860643114	0.303394983222	0.273294429215	0.260429976502	0.388150713253	0.257929417689	0.239021815085	0.32007653423	0.246989223713	0.278631573585	0.25943270643	0.304725612221	0.466890714764	0.210571636043	0.28014558431	0.272377258801	0.291601328627	0.319983559327	0.192970882185	0.327985937589	0.235341267459	0.387168840033	0.256939395521	0.332631667431	0.382706599933	0.128754979133	0.348977203487	0.330477641401	0.335687721004	0.388515915955	0.311749453975	0.239970773891	0.446161065166	0.321800405943	0.351318139408	0.311698072666	0.388929316005	0.315459811862	0.30289744306	0.222694123449	0.314349418922	0.302078368979	0.288471849014	0.287792248559	0.272425636067	0.310074024398	0.344016032928	0.286105593603	0.340097751775	0.332608100181	0.350016554453	0.255972648844	0.335473146539	0.262916070756	0.289253788189	0.33946798276	0.255460633546	0.303215597359	0.281571831389	0.286096123942	0.23721181517	0.282009734393	0.285936900897	0.376101129383	0.250639854582	0.258804751091	0.40299993327	0.241957388442	0.277691060691
O0367	0.207655799639	0.169673655173	0.214091806154	0.0	0.244971420322	0.190008436457	0.207679765642	0.230121619618	0.207239122285	0.320734576385	0.236363229291	0.191150264732	0.191954916958	0.172115937418	0.245689765791	0.202226529867	0.352425403709	0.117946451464	0.281139413786	0.200813671463	0.260091605706	0.207077834839	0.154582975116	0.199505981839	0.234803114948	0.253102530307	0.363639733828	0.383469410157	0.187574619884	0.25272625597	0.293918380705	0.128790877822	0.315664278049	0.225598623561	0.163538943755	0.227625767694	0.229736799456	0.18942762259	0.172840423711	0.184406845499	0.379850112286	0.285184543046	0.179259065479	0.229297760333	0.115880020517	0.154153234003	0.204295144144	0.23915047863	0.102671595567	0.217697769293	0.410334606463	0.329500848342	0.166059640163	0.231057248121	0.152537624996	0.323288838885	0.334683994754	0.203422925736	0.224720695945	0.203427420295	0.289827466923	0.265434418785	0.172015041232	0.200142223008	0.192426110134	0.168425975707	0.186650172502	0.14205383073	0.199355977146	0.291893507174	0.207258859869	0.177891092502	0.215327910575	0.149018667274	0.152015393853	0.248715178476	0.237199634299	0.391311515846	0.249170717169	0.215043064611	0.18612051616	0.297042688925	0.260942027307	0.208127007027	0.228804930111	0.265227480762	0.31867161498	0.313577748671	0.221820284258	0.281177333151	0.17901388605	0.26958240908	0.27935044007	0.255644899554	0.331914322407	0.215696344887	0.115822675988	0.438642018111	0.220034197564	0.27554361591	0.226826169214	0.296194800175	0.219676550677	0.197159505215	0.136903255653	0.175578795594	0.198667969062	0.179282566596	0.169540195054	0.154509632266	0.202118622157	0.235790005466	0.220828043754	0.238084815744	0.259953065387	0.277018704934	0.156011172259	0.230239023544	0.197634432804	0.209746897562	0.247067903153	0.171199316167	0.198555841982	0.206279067911	0.129148247643	0.174216621988	0.157598129619	0.213209840876	0.290386589283	0.12990614867	0.184598971467	0.301132852628	0.143463492466	0.264687075745
O0038	0.136860626207	0.263165005069	0.179783878946	0.244971420322	0.0	0.313901059641	0.328178169615	0.260171561504	0.16941713744	0.398079347292	0.365596273441	0.291509110045	0.321711216288	0.317916720876	0.156925419179	0.281284608022	0.192860035129	0.231155273478	0.404568222937	0.262653507238	0.378674642996	0.238813875286	0.313873295599	0.352691728469	0.308285817637	0.360203358958	0.464537754141	0.475615928646	0.2552748389	0.356891345217	0.409474468371	0.255360188104	0.435519597762	0.310579839437	0.239347918334	0.196727487825	0.216221397312	0.321980330297	0.307900967756	0.293076421358	0.246293274321	0.24838159026	0.244119567184	0.290298747345	0.282175475715	0.275440136883	0.323214305886	0.327092844612	0.250801386632	0.340748258641	0.233611771198	0.425794732624	0.347451173111	0.321843880138	0.203255036132	0.199819937249	0.164393061501	0.331757828332	0.332884663639	0.32771626095	0.369391318861	0.361930260888	0.244771214606	0.288547189634	0.309933978627	0.306327917033	0.328862368328	0.310418136981	0.279635398065	0.419781252319	0.288750153147	0.250737646406	0.362220180316	0.238511258115	0.29813881037	0.189256653189	0.251870987674	0.475569823015	0.114694468853	0.280142957489	0.263099559287	0.25518306377	0.333202243974	0.18370925644	0.359416088224	0.134987625138	0.393533814572	0.159510582986	0.364944805923	0.390151003774	0.169625995082	0.375613644816	0.374876690319	0.381567649156	0.404906053456	0.340133812796	0.248437944829	0.42202766398	0.341869682358	0.363665770085	0.371818792047	0.406849894277	0.327240516607	0.312499283476	0.264648398551	0.336364485331	0.298393492532	0.349845210367	0.338452807945	0.307285185527	0.330579219614	0.352128762555	0.336790275097	0.371578638192	0.381100420791	0.40033504958	0.273457374528	0.351416405112	0.261378173366	0.312934675295	0.356746147517	0.267084488524	0.345111003732	0.329308747476	0.327589458538	0.292702100661	0.315479749674	0.273465159026	0.41925752806	0.280887827877	0.307962546419	0.421773481022	0.290105973725	0.326076917783
P0052	0.246886086925	0.114748197579	0.278433259487	0.190008436457	0.313901059641	0.0	0.191668078074	0.236004462616	0.232754686681	0.21143079985	0.159116820279	0.165529593741	0.173267659552	0.204541441705	0.280455026379	0.188993403297	0.393972673376	0.244646549809	0.172424969402	0.212740461986	0.171698778909	0.265587680555	0.203097361688	0.187629943311	0.282070329811	0.164946528674	0.320819430187	0.31376012622	0.228614154153	0.225491535718	0.160687323207	0.14711690279	0.209376436906	0.160236856675	0.166775050577	0.223890680511	0.2948461584	0.166697599949	0.240587253531	0.178947169685	0.42195958834	0.320069596438	0.173890000896	0.274356656138	0.175667881839	0.146429531705	0.136283571602	0.212504769194	0.227102249008	0.178017795365	0.459186977314	0.295950544858	0.170329806235	0.170376515595	0.24892846644	0.379434603389	0.38680129553	0.147117168433	0.245357526271	0.140027315015	0.186729216966	0.157517742164	0.155403541278	0.204244961851	0.217411234879	0.17522514379	0.156483176578	0.128985441576	0.258996796629	0.200735951971	0.164048958594	0.213049488018	0.209476732934	0.183606994687	0.231568387823	0.248235439044	0.223433649381	0.403300665528	0.29555039785	0.292297885842	0.162558688129	0.357055188039	0.177113224423	0.240636262459	0.143194494336	0.319775759527	0.300719492106	0.394829239693	0.225544926079	0.21465718185	0.272176672949	0.20253846709	0.179651332282	0.166193266219	0.31586708364	0.174537834065	0.224899058053	0.484779122884	0.157624333471	0.23871554933	0.125810134258	0.261166839495	0.116998438029	0.202372897519	0.13430907962	0.213290348642	0.223253573979	0.223190367	0.144765285888	0.194307954867	0.148967448999	0.181402235299	0.153654510674	0.19727684748	0.193026369133	0.180528684042	0.170263889718	0.230126054931	0.241551492769	0.195533219396	0.208389616909	0.25532512735	0.12799169016	0.136143688765	0.178655760842	0.178991300032	0.268256587403	0.210141237746	0.22588447587	0.180429141245	0.164916937501	0.220246737398	0.220991840486	0.288110683157
O1138	0.250124231134	0.188350473208	0.310813956541	0.207679765642	0.328178169615	0.191668078074	0.0	0.206836463904	0.245481712834	0.225209132798	0.250010837608	0.156419580119	0.286026460463	0.182219114415	0.272295477521	0.153080432173	0.397390624857	0.274794935127	0.172977019065	0.211633460033	0.181052314838	0.211200283449	0.163533598423	0.163390565254	0.241182371519	0.1502342709	0.243350329014	0.326911337999	0.20404716916	0.14754526096	0.255433237847	0.180786716394	0.203203337301	0.13245167311	0.228009733407	0.284634717856	0.248519808962	0.245331935632	0.275967503408	0.182930024601	0.432262573866	0.305531471566	0.212706680581	0.204082164356	0.152708949081	0.202790307807	0.144635297644	0.172337193856	0.23622235808	0.0912768893904	0.465257474786	0.193345090499	0.212324571645	0.15294113988	0.284540025898	0.366637822204	0.398459960662	0.156753158142	0.196420457565	0.147933095641	0.238392633495	0.181058976739	0.16429492546	0.23463191378	0.177742271036	0.248052866695	0.125157971655	0.153360487853	0.300368412259	0.156621795115	0.188293595784	0.165009806768	0.220606549964	0.212194380979	0.165571550535	0.238695134663	0.190846901259	0.349520592403	0.299489351998	0.258027850783	0.160076902939	0.317721806846	0.158892276011	0.24471392699	0.166810621423	0.284715838029	0.240979595421	0.407205067833	0.248635837856	0.181945300294	0.308396226179	0.207993337132	0.204681840342	0.192097544702	0.287991550462	0.134473243852	0.204123096776	0.416840534175	0.14167141229	0.189418597457	0.202231915831	0.149002382879	0.14011471693	0.087622957409	0.23007754094	0.154572069137	0.147520654701	0.285245996064	0.15563766104	0.155622846989	0.166801560473	0.181341011442	0.205951137895	0.230093567292	0.169528347246	0.248663094334	0.180057081547	0.141032802535	0.200844594733	0.155389031266	0.117313673348	0.268514819173	0.135679483342	0.194267592124	0.216237289411	0.20280820778	0.260249874669	0.171238950749	0.156737759604	0.20040054008	0.160992994888	0.194047311882	0.23413079394	0.317242713273
O0599	0.206584833745	0.192873928487	0.286068555014	0.230121619618	0.260171561504	0.236004462616	0.206836463904	0.0	0.175215263711	0.278343904398	0.308530964143	0.194929750076	0.288521735597	0.248205015425	0.204605518624	0.183329959124	0.344834555005	0.242868285403	0.275621644232	0.214356923072	0.217084836252	0.189001680313	0.256584968347	0.228075014373	0.202350756813	0.221592720031	0.300477940998	0.322031062592	0.173878721586	0.206022605886	0.328816305843	0.18182632407	0.308035332217	0.20447581376	0.217382452283	0.266360027601	0.19434009147	0.286627960844	0.302432161799	0.225320830111	0.375880600578	0.216302454469	0.220023546234	0.183201084769	0.221227111856	0.218094121151	0.212960906149	0.178607889187	0.250336906899	0.204479907265	0.414297411376	0.252514438862	0.295590126083	0.186528998571	0.233105568454	0.300839889544	0.339527177937	0.240060950158	0.20617776487	0.234533908389	0.295110221609	0.231212826891	0.148198633711	0.257139615255	0.183057568398	0.267655842021	0.215728310382	0.230528172704	0.263262948943	0.279767255174	0.196898012924	0.186144518506	0.282053312718	0.180527662609	0.223631967978	0.160805072432	0.175811950329	0.375129832813	0.246694955618	0.190692836975	0.151520712405	0.245974830061	0.211279479707	0.213852497016	0.26779137693	0.249966821276	0.245837946735	0.321454648047	0.28355536684	0.256118258616	0.260047846988	0.313896522555	0.272630404149	0.290676179192	0.276719676842	0.225878622141	0.224751385427	0.373154108641	0.215133186037	0.183260201398	0.290166312116	0.24946211119	0.210193785307	0.196148072805	0.218584009334	0.227461800664	0.194040444085	0.329704273719	0.24375210782	0.240509144002	0.235497794801	0.244479512652	0.257812809438	0.287816356216	0.247943888705	0.308009169355	0.19485293557	0.214808369056	0.192899405562	0.165770748661	0.232365709136	0.250957861293	0.251082457056	0.248812256655	0.288082828294	0.22677421017	0.280951896155	0.123463273595	0.287025503092	0.233701365137	0.235912940927	0.315925779857	0.257215698741	0.325906225199
O0143	0.144554985823	0.185577551487	0.231562641579	0.207239122285	0.16941713744	0.232754686681	0.245481712834	0.175215263711	0.0	0.340675327796	0.305041710514	0.217208922554	0.273620750429	0.247913585948	0.15808520901	0.182629108229	0.27460978842	0.233558882516	0.297494532281	0.187729498086	0.25922422871	0.182252717516	0.262916817644	0.27148129095	0.230098791448	0.254289900388	0.375485326791	0.36946146034	0.19844419093	0.261167822965	0.336736552298	0.209489129354	0.333572600934	0.258510063527	0.196271920494	0.19186512813	0.175635723106	0.260124126562	0.254771017949	0.240476863671	0.320209140756	0.19340483977	0.191772450565	0.227729244136	0.227926998624	0.185550693566	0.258727747666	0.2506377962	0.217151157002	0.265902047907	0.341628148944	0.337533066638	0.297010977255	0.248895520913	0.17261133349	0.250504090465	0.255025241433	0.269065257511	0.229540626218	0.256153735532	0.329213234231	0.286334873891	0.189101699828	0.227734526235	0.231563770327	0.224540691662	0.223526720355	0.225762138509	0.247535009932	0.305788246177	0.229228830037	0.173256540921	0.276551185275	0.173079889344	0.236095970991	0.13450100163	0.142757932896	0.418059164152	0.155148738827	0.216801281309	0.153819728209	0.231518650871	0.268975678096	0.170337598873	0.270511068862	0.189435370389	0.330344853723	0.240478995377	0.289329511942	0.280928365745	0.202043151001	0.306852198147	0.324015577072	0.290012984768	0.341506207056	0.235279092112	0.197472906155	0.400390398737	0.257540209812	0.282176654019	0.290246415022	0.316689704616	0.229863280773	0.229666554676	0.19097389704	0.265337289598	0.221260650726	0.296376849305	0.253801289072	0.238989648558	0.227839593455	0.265668344341	0.252710400806	0.272044531205	0.30744398571	0.3292342264	0.189042468304	0.272291497048	0.191242388179	0.236325897804	0.280473981779	0.206986494101	0.258761099661	0.240395052409	0.266460609091	0.23354326058	0.295795532634	0.183553094564	0.32421973462	0.248346370765	0.245310363125	0.321473408609	0.259627702207	0.312470086936
O0947	0.314997141642	0.270444032914	0.349103088471	0.320734576385	0.398079347292	0.21143079985	0.225209132798	0.278343904398	0.340675327796	0.0	0.16479666195	0.211746516555	0.272473580384	0.244489156032	0.326724375132	0.308439828539	0.420774053493	0.327759201615	0.160723258844	0.262951206994	0.287526746704	0.349769580668	0.299072413294	0.256350354022	0.368144281448	0.192458682774	0.30754094675	0.411917914009	0.285254852588	0.229465208307	0.270438518833	0.241994143686	0.232047081023	0.174683168557	0.27958012617	0.367019392195	0.374122086847	0.331673057433	0.32795846051	0.262699503525	0.450677156738	0.390711473976	0.341796509673	0.340395854237	0.290500416114	0.307609351704	0.153614221349	0.276005639441	0.355072032613	0.234726459245	0.488398874754	0.251106682546	0.270340585426	0.175858603672	0.365270534638	0.422222348149	0.429592191478	0.160397820432	0.356777828273	0.168310650664	0.0878049766844	0.113754328729	0.219341584775	0.381408405321	0.316314443153	0.32982346632	0.255222421155	0.254158649213	0.336062597756	0.208502219515	0.186233492643	0.309938449272	0.349756866021	0.317517606763	0.353622371409	0.27348150726	0.337784361653	0.45326873081	0.373706582286	0.388111700318	0.279558442404	0.419020094453	0.143774195423	0.310489675203	0.281765904247	0.372591834923	0.334677611754	0.457127883127	0.382028528196	0.332275427993	0.364488427002	0.347978246951	0.087270909642	0.213562059168	0.305544517831	0.204999501175	0.343170952828	0.493500151104	0.222290376134	0.241484356179	0.265826313285	0.295968584889	0.241901268957	0.258686725953	0.277582407379	0.282752109278	0.322658369996	0.318102393412	0.241696813243	0.296842963375	0.258153475469	0.327165559724	0.282083329603	0.341518469963	0.119419099921	0.299127852192	0.289230947248	0.284288094468	0.269798537626	0.213823376054	0.228880140111	0.388807009544	0.216681086771	0.280848735901	0.307662608409	0.229646023283	0.318382584962	0.273875512425	0.225392460475	0.280228422934	0.278098694152	0.308954901339	0.265201459531	0.321204932612
N1140	0.30806243815	0.227705427488	0.288263921701	0.236363229291	0.365596273441	0.159116820279	0.250010837608	0.308530964143	0.305041710514	0.16479666195	0.0	0.193877427107	0.169507721465	0.214589485959	0.359009044013	0.302242679785	0.435316354963	0.246072257515	0.199987611673	0.256757296588	0.28296669527	0.351164872612	0.242176844202	0.213463428924	0.361504111302	0.213391764653	0.343857046611	0.418899938851	0.305019968665	0.259042823734	0.243499199672	0.193256085232	0.275075255874	0.181424943902	0.212709480659	0.329819355809	0.380457324275	0.25918130963	0.257178259637	0.23500536736	0.447041048683	0.374175474766	0.298845382687	0.359600184212	0.220260805724	0.233769575069	0.157858365485	0.285845686635	0.287291395861	0.241138241212	0.485538788031	0.323604879882	0.162223363271	0.212591872677	0.271131342731	0.443904896115	0.438676058209	0.145761043408	0.331391805756	0.157945558724	0.115615212334	0.157792033322	0.22164049233	0.321779563897	0.289964988818	0.247826067543	0.219566787891	0.182232620842	0.296967679564	0.247971782341	0.180118865065	0.301641020538	0.267141095807	0.260307759771	0.303358269899	0.303871316344	0.333135800368	0.453255864446	0.365126771423	0.356654792247	0.25797046018	0.418948238317	0.179211764665	0.281840718847	0.25096300905	0.394774562079	0.377918329813	0.433384594919	0.306683136263	0.342024599362	0.2926499623	0.325118997631	0.155311069238	0.223181205759	0.326774267985	0.208367329803	0.2716026123	0.53666705894	0.20884731635	0.279199637027	0.198679187314	0.324909490323	0.23933030566	0.288882801818	0.20587061329	0.240153771596	0.329119640503	0.189339659039	0.16623838442	0.247407227424	0.195152625969	0.313635308502	0.24749540344	0.283574433201	0.175108077699	0.275967245354	0.244643318845	0.286921745339	0.253966385048	0.245801775837	0.262177801013	0.300875621931	0.169843764786	0.241450282257	0.217201930332	0.195657721943	0.264315814802	0.289752282524	0.255055716604	0.216305497317	0.245085510647	0.310235535295	0.207933813266	0.29578315559
N0900	0.221482902158	0.155779721412	0.261711840884	0.191150264732	0.291509110045	0.165529593741	0.156419580119	0.194929750076	0.217208922554	0.211746516555	0.193877427107	0.0	0.231351919631	0.145456531512	0.254124312688	0.192341023173	0.365419627763	0.21576490996	0.197025249791	0.194934348357	0.212733137159	0.246326827682	0.205466927023	0.189388354607	0.249389128779	0.172621590122	0.286816477742	0.37088608069	0.203222803867	0.169339651417	0.262090384204	0.139014780317	0.244945471283	0.147414170798	0.177381891489	0.264984109368	0.260843310053	0.224451924235	0.242928793874	0.146064529689	0.393384536988	0.280891492362	0.211212088665	0.241063660157	0.168584366653	0.192621399641	0.129745681409	0.197757518513	0.22237815006	0.173267830266	0.429060979165	0.24406243903	0.189218015289	0.152121137293	0.230247578327	0.35304585235	0.362472703739	0.128775017473	0.228014658531	0.130902767332	0.203369609335	0.166748876027	0.12881561686	0.240607293249	0.203066795206	0.227114159176	0.152520891819	0.149718997335	0.262053102227	0.212125093504	0.124429738338	0.201717086104	0.253526466	0.206303133284	0.217047007169	0.221433367409	0.22653689862	0.400571119567	0.277508208447	0.272429761522	0.1629481779	0.33332029645	0.162384462304	0.197960957596	0.21539712432	0.282027272744	0.275754981036	0.364258077347	0.277102187454	0.261965911636	0.258781011733	0.26326180281	0.184196090303	0.183485790827	0.286327397356	0.152785488223	0.220039092539	0.444905744793	0.1836326262	0.225127070319	0.20589396964	0.249355716853	0.184873672457	0.174626511139	0.173926291771	0.198369003361	0.218182362943	0.234581063577	0.162116240724	0.162152522166	0.173151205405	0.233807120804	0.198484405949	0.251654652454	0.162212324923	0.254110920193	0.180537149936	0.210476066428	0.199192514212	0.153216100452	0.174154103377	0.25134297826	0.145774921496	0.182211284887	0.210873006962	0.162071966699	0.251570635724	0.17991088216	0.216561560862	0.191935417055	0.183296793343	0.277943992598	0.189226064017	0.291645621805
N1131	0.274676216979	0.211092631022	0.244565260351	0.191954916958	0.321711216288	0.173267659552	0.286026460463	0.288521735597	0.273620750429	0.272473580384	0.169507721465	0.231351919631	0.0	0.218931571904	0.310628075364	0.263124783207	0.387002369451	0.203143615114	0.281558512116	0.25643866217	0.306631190994	0.30525658373	0.259203383407	0.264764415038	0.332433965051	0.270392212596	0.400319027572	0.413681887159	0.264255739084	0.308538016747	0.255124987535	0.185199229823	0.33881306454	0.239711484556	0.186740998878	0.279311690997	0.332630143119	0.228414631762	0.191467351687	0.237858291252	0.401752457817	0.35764034511	0.252204168015	0.327444854302	0.215508501694	0.216046198988	0.210842723963	0.290169508838	0.222645550617	0.277385134118	0.440996347841	0.384116796472	0.206320256085	0.25392437573	0.231826391153	0.400168927271	0.39484663361	0.22746634528	0.303781867073	0.216262455684	0.23944663817	0.248128947372	0.219122170955	0.277680798969	0.270559828122	0.223951204827	0.239925045341	0.206184314198	0.227341415583	0.319261627503	0.227130560399	0.260466463713	0.277834263409	0.222553997251	0.261217464236	0.279740643657	0.306800403426	0.45208303233	0.321706285031	0.306392081783	0.244064704779	0.376538430443	0.248368107899	0.267944828974	0.259345686219	0.352087776322	0.369448269496	0.378411835269	0.275457743365	0.334069982417	0.248049375086	0.314267264029	0.254623756791	0.283692919984	0.368658150916	0.260891295073	0.250521683868	0.504886981739	0.231305442503	0.320957342677	0.225399826832	0.361715355788	0.224327609461	0.293028960699	0.161778801815	0.280801557946	0.294242221409	0.206051932143	0.206784508118	0.246285016616	0.24518725099	0.296545022356	0.258435991566	0.287418211576	0.265386027653	0.281675763786	0.222776445089	0.313619847329	0.281106331974	0.2624883996	0.309610575931	0.246460851132	0.234302825947	0.238016063574	0.221378512553	0.166793168457	0.249725076045	0.271824389888	0.321295760767	0.211599391818	0.226179772793	0.343514721959	0.216341589948	0.2629814533
O1135	0.253804921602	0.209001047547	0.270922479086	0.172115937418	0.317916720876	0.204541441705	0.182219114415	0.248205015425	0.247913585948	0.244489156032	0.214589485959	0.145456531512	0.218931571904	0.0	0.312589346089	0.251956501112	0.3941335868	0.204605203991	0.234395642992	0.223868466459	0.240541615249	0.275141670772	0.188957065494	0.223483856885	0.270970576337	0.207294785059	0.315941107592	0.382173306211	0.224801272765	0.218006880041	0.303245812436	0.157857049693	0.269903890848	0.187355622182	0.222860442878	0.301319216166	0.285187853857	0.237604396212	0.207046652139	0.197168293057	0.422723500631	0.309872525577	0.247804473915	0.269627556958	0.179358045263	0.192725312161	0.162019245451	0.241589401915	0.178061711133	0.20560872593	0.461797412184	0.269564793492	0.189998858853	0.206110513075	0.21942777147	0.375907408851	0.396518557545	0.152333466339	0.252548685894	0.166600126915	0.23318934347	0.208417473682	0.187749254618	0.260436673227	0.223952518269	0.185234026102	0.182481595739	0.174385459332	0.224846148589	0.237832425859	0.167504089432	0.245027270017	0.243173484727	0.233567539635	0.216437101026	0.269255743137	0.262095567575	0.403649940056	0.310907406543	0.262820545715	0.203115785976	0.348301905705	0.199479810019	0.241317424883	0.240750781852	0.309904487188	0.314525345532	0.372061614904	0.257782283945	0.285661453719	0.265371092765	0.286225845158	0.224163852684	0.206729773319	0.279774315802	0.166503051229	0.213110640408	0.461624817373	0.224327188913	0.249008810482	0.224588423999	0.271424210295	0.227856982034	0.200309802296	0.194898075325	0.211618588	0.23845808916	0.199090967494	0.171189421289	0.160427781458	0.173180405083	0.269985565822	0.252252951035	0.234256129575	0.197488274955	0.300191649156	0.195242099402	0.208384853212	0.190191559523	0.188294202593	0.216251050251	0.232096744555	0.17738184526	0.211225347673	0.169001571223	0.155132621304	0.206847945468	0.224549002449	0.243627611619	0.194454134104	0.21625549369	0.302337069602	0.144603922717	0.279682823372
P0068	0.144821865782	0.243411016778	0.243461125017	0.245689765791	0.156925419179	0.280455026379	0.272295477521	0.204605518624	0.15808520901	0.326724375132	0.359009044013	0.254124312688	0.310628075364	0.312589346089	0.0	0.223568422548	0.211973161687	0.253488151655	0.307068489813	0.227740732692	0.325887225687	0.209010728776	0.308769230004	0.299754720664	0.282028760736	0.304687170222	0.380853738867	0.427720699471	0.228571975615	0.29062017262	0.349671050837	0.233470655903	0.380345386993	0.265768198983	0.205895127194	0.194599277556	0.174927909327	0.320353312651	0.317785342688	0.266327618696	0.264365809772	0.257797891339	0.237855304882	0.244150109982	0.259755913732	0.285193681822	0.268230368097	0.267957553587	0.255739725007	0.280009394515	0.273733666188	0.340826564502	0.334821564878	0.239019559173	0.237209636045	0.192122518697	0.20055570904	0.30198223454	0.293847119216	0.270603923607	0.330883767512	0.30054606582	0.197473551868	0.285215636306	0.26135633941	0.313228192638	0.281894812725	0.284426688707	0.273262318438	0.351221858331	0.281178586504	0.210635539916	0.362756243058	0.220843323391	0.271081141793	0.115623398093	0.210239762456	0.436906556631	0.143280475937	0.270627654388	0.229661699742	0.254771490358	0.284869801539	0.183536896531	0.320418574987	0.148829476178	0.343125349366	0.217638575665	0.352299390081	0.315346424028	0.229451300423	0.342965001288	0.308570500137	0.346769271114	0.377099268087	0.321955272588	0.2290976053	0.367377162195	0.269663890848	0.319316281879	0.334388987156	0.345006624815	0.255655365148	0.25511108951	0.247676965832	0.31553201228	0.233883403939	0.386689934683	0.306867236569	0.288419970067	0.31989840265	0.294788302967	0.282714453136	0.353978343035	0.320026433854	0.356796192984	0.274030561807	0.325688827865	0.249648559871	0.263006158746	0.270730059858	0.291994744599	0.316361732958	0.318824441871	0.332818764248	0.275589621261	0.32499719133	0.228488280658	0.354520178663	0.267501217609	0.25793836046	0.368034770756	0.313802483083	0.32804634721
P0797	0.216595803561	0.138714654123	0.283715465507	0.202226529867	0.281284608022	0.188993403297	0.153080432173	0.183329959124	0.182629108229	0.308439828539	0.302242679785	0.192341023173	0.263124783207	0.251956501112	0.223568422548	0.0	0.349991202733	0.252867105434	0.217883931209	0.209263508828	0.212790089912	0.203181508409	0.207303028258	0.239219295299	0.2415486094	0.202426438512	0.349071238385	0.33540233623	0.191516955125	0.229857143262	0.232648513284	0.200113515802	0.239326769177	0.227833899872	0.196978311507	0.201338022754	0.230293287911	0.201998350095	0.283809812109	0.203022324362	0.376887227212	0.290991250158	0.118398896233	0.211324789574	0.165491060745	0.194995700732	0.226980096545	0.234767195406	0.228990356005	0.171451742699	0.416491916276	0.293140160724	0.248791267777	0.230271673224	0.239068995216	0.319960119938	0.336521147218	0.244417473976	0.207900096406	0.210972972229	0.314041520355	0.25375757564	0.15349156526	0.188134018685	0.201852580058	0.245756933963	0.169351978226	0.182021703707	0.300611053185	0.198845520161	0.226627055309	0.12833926366	0.238103312113	0.179595933611	0.173416357226	0.223983016872	0.15403932379	0.391032052908	0.250242327106	0.255410402089	0.109464196839	0.308680983814	0.262846051629	0.218965064918	0.150039076082	0.24955167632	0.297591748608	0.349554807962	0.244976804205	0.198446169737	0.25545450893	0.185796817466	0.287022563316	0.222589042642	0.370225127507	0.209268069602	0.20323057862	0.430112029256	0.208957034352	0.280635956632	0.207325097963	0.218165742586	0.166307752544	0.140289847924	0.173339943599	0.219504959131	0.141244059027	0.298008706231	0.202569068216	0.185176009663	0.225400080005	0.182776873311	0.18051068742	0.246947524366	0.261520477823	0.235566826863	0.165513414257	0.225097710019	0.242696813444	0.197480004468	0.176133348771	0.2317272385	0.168670862992	0.186106294973	0.225024145655	0.237510327318	0.295517847717	0.168957720829	0.207358917562	0.227716521942	0.145257140136	0.226217153109	0.273990499959	0.329206148138
P0022	0.202036059856	0.337044359314	0.239333972332	0.352425403709	0.192860035129	0.393972673376	0.397390624857	0.344834555005	0.27460978842	0.420774053493	0.435316354963	0.365419627763	0.387002369451	0.3941335868	0.211973161687	0.349991202733	0.0	0.320744287791	0.454618420383	0.313569772849	0.465573468808	0.329776465298	0.428135389799	0.462342104654	0.401801121086	0.427340168824	0.533272090137	0.552964631019	0.323790223381	0.440203147247	0.459342370898	0.365688908215	0.477695081783	0.403173084281	0.276783024741	0.218798274221	0.292050598404	0.386470080579	0.388885857511	0.356935465047	0.106786945145	0.346678348215	0.344917080621	0.388344797824	0.380675301283	0.392883290253	0.401921939691	0.429141529906	0.37012992041	0.423875387904	0.111333912766	0.487744364571	0.428547869547	0.384531831177	0.312665971402	0.113398424933	0.130584948339	0.413266352157	0.433808753756	0.371475132513	0.417293971417	0.411557573462	0.314783792682	0.3987858369	0.415256453304	0.415143211342	0.43114705507	0.41202847623	0.377770582164	0.472912938137	0.373717587304	0.33818427814	0.466698517486	0.349406345409	0.407671435036	0.249812257789	0.334861869579	0.550359582857	0.171007983783	0.38865520427	0.339165847934	0.337569428769	0.408411043306	0.219676834071	0.439333527655	0.226884863011	0.466757197261	0.249189020752	0.474095265302	0.456120337632	0.253611685853	0.445233175873	0.422541258929	0.424747766099	0.475090241182	0.429876933492	0.349515711502	0.429939681999	0.436022608261	0.450574164436	0.444270183189	0.4840439529	0.405389425572	0.380112816675	0.358145907398	0.452758429871	0.378323151864	0.439813182611	0.432442536767	0.408243168738	0.438970019261	0.437208743797	0.378132189355	0.47623642202	0.446284207219	0.461518484029	0.377667662972	0.458149583349	0.343020405317	0.382730576951	0.402789324095	0.372760883708	0.432118302488	0.398698236067	0.436541122781	0.370654808777	0.424544055206	0.364292289883	0.463496827156	0.384669473649	0.378398227018	0.493301866408	0.377651602773	0.385139852934
O1318	0.187166532496	0.198275997997	0.198103770995	0.117946451464	0.231155273478	0.244646549809	0.274794935127	0.242868285403	0.233558882516	0.327759201615	0.246072257515	0.21576490996	0.203143615114	0.204605203991	0.253488151655	0.252867105434	0.320744287791	0.0	0.345349977516	0.237950210762	0.332458027634	0.249228894257	0.219152624207	0.272243964245	0.289677790093	0.305371861466	0.41818052026	0.45194129706	0.233152131319	0.312787055401	0.344479782252	0.155790320379	0.374229989954	0.253339540604	0.190409862162	0.246947481628	0.254985129052	0.243214083409	0.191419213119	0.218056799881	0.342977862085	0.276387487636	0.222947761857	0.26235644675	0.179645587085	0.207022246688	0.23775173749	0.28323975317	0.159256777027	0.282093368277	0.366021186537	0.374747304224	0.193399371257	0.268337582168	0.147482374172	0.31218441325	0.30405328558	0.244917672975	0.299788302577	0.25450478978	0.294093839069	0.2988088255	0.185357417929	0.266313105293	0.26662780499	0.211344177111	0.256015713598	0.220423517771	0.185536701994	0.359293311692	0.21407858413	0.239243983539	0.264038876527	0.210383142618	0.235322256239	0.235028451288	0.286697224249	0.461727360168	0.25464210366	0.251544797953	0.223175098486	0.30203854934	0.281202762197	0.197405214275	0.296887775304	0.265713104254	0.352982446991	0.287004043842	0.290159660091	0.361526403528	0.156784452486	0.334599538979	0.300717546474	0.313804782837	0.352131837924	0.278372014197	0.189734003231	0.449084971553	0.286925370438	0.315025542954	0.281301042595	0.360578483404	0.291289409241	0.269243053262	0.180453499407	0.244939947513	0.276991494216	0.181483857154	0.222819951768	0.220061984375	0.258560007591	0.316936399164	0.267491016453	0.301040637395	0.305279439827	0.336420929831	0.20948880969	0.290631140011	0.233002319289	0.245308480327	0.290953572368	0.180659969416	0.263499340592	0.257628626261	0.19092563803	0.189718411614	0.164217231528	0.236562312239	0.353308535902	0.169909351043	0.250566187492	0.374063824603	0.131332352012	0.247669850455
O0540	0.334344517431	0.221824955382	0.374335953043	0.281139413786	0.404568222937	0.172424969402	0.172977019065	0.275621644232	0.297494532281	0.160723258844	0.199987611673	0.197025249791	0.281558512116	0.234395642992	0.307068489813	0.217883931209	0.454618420383	0.345349977516	0.0	0.255891205874	0.204694865953	0.328457089993	0.240053288714	0.216885434684	0.346586097402	0.157678618627	0.285240921746	0.342591343158	0.291771163009	0.208522339007	0.212416159831	0.23387699674	0.188474725336	0.184825581122	0.262828489828	0.326819227696	0.345398227789	0.281714079517	0.312992119328	0.249272357035	0.486749917573	0.388810558934	0.257786352835	0.329138668516	0.235562969201	0.259926835959	0.165483127658	0.266803572083	0.307148406602	0.170242377686	0.52446645689	0.242976080038	0.227759963037	0.184440780733	0.351551483777	0.425463713635	0.456805994778	0.157861186467	0.290637328026	0.146418398895	0.18194072138	0.137884434803	0.216566754837	0.283456210693	0.269441210711	0.277490768499	0.172894146541	0.187944686494	0.351487515154	0.134465499813	0.206638430095	0.252618452223	0.295321229067	0.256822835528	0.273143992165	0.285047033402	0.268755992708	0.423253561769	0.361467525698	0.361057550107	0.231689650723	0.428729702446	0.175820001826	0.311803552964	0.198143792174	0.36203430685	0.337017878731	0.473894224013	0.310130625782	0.242042017034	0.382365226088	0.256078457056	0.149760540268	0.175463113454	0.306950349711	0.178690866374	0.288339352132	0.502405366517	0.192325975706	0.247943622582	0.193286575288	0.236372805033	0.190899759388	0.211979061591	0.243561578149	0.24465283723	0.249508734685	0.288729700063	0.184186392987	0.237906153083	0.192976131619	0.224801723353	0.227578556705	0.263995977094	0.14645804558	0.24945385816	0.252759176351	0.249293591394	0.261295871161	0.240438173592	0.184032373732	0.344522224352	0.139237704345	0.241849897301	0.238119659855	0.23448905721	0.326871416125	0.255259617952	0.171978672596	0.257214424362	0.206265026635	0.227034742178	0.286270574703	0.353787750098
